OP1_PERSISTENCE:0.250905
OP1_OCTAVES:3.18628
OP1_DIVERGENCE_SCALE:0.632736
OP1_OFFSET:0.0652971
OP2_PERSISTENCE:0.524967
OP2_OCTAVES:7.28559
OP2_DIVERGENCE_SCALE:0.696126
OP2_OFFSET:0.0861977
BPR_555_PERSISTENCE:0.226918
BPR_138_PERSISTENCE:0.306881
