OP1_PERSISTENCE:0.14042
OP1_OCTAVES:3.98239
OP1_DIVERGENCE_SCALE:1.15896
OP1_OFFSET:0.0281011
OP2_PERSISTENCE:0.401041
OP2_OCTAVES:7.86405
OP2_DIVERGENCE_SCALE:1.21606
OP2_OFFSET:0.0854543
BPR_555_PERSISTENCE:0.230099
BPR_138_PERSISTENCE:0.686292
