OP1_PERSISTENCE:0.270783
OP1_OCTAVES:4.55213
OP1_DIVERGENCE_SCALE:0.87277
OP1_OFFSET:0.0802929
OP2_PERSISTENCE:0.439398
OP2_OCTAVES:7.94984
OP2_DIVERGENCE_SCALE:0.769059
OP2_OFFSET:0.141755
BPR_555_PERSISTENCE:0.378619
BPR_138_PERSISTENCE:0.323493
