OP1_PERSISTENCE:0.364561
OP1_OCTAVES:3.19145
OP1_DIVERGENCE_SCALE:0.466054
OP1_OFFSET:0.0473515
OP2_PERSISTENCE:0.411763
OP2_OCTAVES:10.2665
OP2_DIVERGENCE_SCALE:1.48573
OP2_OFFSET:-0.173311
BPR_555_PERSISTENCE:0.275679
BPR_138_PERSISTENCE:0.698812
