OP1_PERSISTENCE:0.384585
OP1_OCTAVES:3.00713
OP1_DIVERGENCE_SCALE:0.711985
OP1_OFFSET:0.078769
OP2_PERSISTENCE:0.45195
OP2_OCTAVES:6.20552
OP2_DIVERGENCE_SCALE:1.10099
OP2_OFFSET:0.1287
BPR_555_PERSISTENCE:0.397267
BPR_138_PERSISTENCE:0.221222
